   9.8317626e-02   5.9602477e-01
  -1.4787328e+00  -1.2428901e+00
  -1.3561152e-01   2.2824179e-01
  -1.0555576e+00  -6.5443736e-01
   9.1575542e-01   1.0373644e+00
  -5.2987412e-01  -1.1693335e+00
   1.0620707e+00   1.2580341e+00
   9.8317626e-02   1.0373644e+00
  -1.3473119e+00  -1.4635599e+00
   7.5542196e-01   1.0373644e+00
  -1.4498202e+00  -1.2428901e+00
   3.7605373e-01   9.6380776e-01
   6.2400110e-01   5.2246818e-01
  -1.5225397e+00  -1.7577863e+00
   1.0620707e+00   8.9025116e-01
  -1.1571897e+00  -1.3900033e+00
  -1.5225397e+00  -6.5443736e-01
   1.1496846e+00   9.6380776e-01
  -1.6539606e+00  -1.3900033e+00
   6.6780805e-01   5.9602477e-01
  -1.4787328e+00  -1.4635599e+00
  -1.5225397e+00  -1.7577863e+00
  -3.3103242e-02   5.2246818e-01
  -3.6866452e-01  -1.3954119e-01
   9.1575542e-01   2.2824179e-01
   9.8317626e-02   8.9025116e-01
  -1.3324176e+00  -1.1693335e+00
   5.2149282e-01   3.7535498e-01
   3.1735241e-01   5.2246818e-01
   8.2814151e-01   5.9602477e-01
   7.1161501e-01   1.5468520e-01
   8.5793024e-01   4.4891158e-01
  -1.0582279e-01  -3.6021098e-01
   4.7768586e-01   6.6958137e-01
   3.0245804e-01   2.2824179e-01
  -1.2886106e+00  -1.3900033e+00
  -1.4200315e+00  -1.6842297e+00
   1.1785972e+00   6.6958137e-01
  -1.4498202e+00  -8.7510715e-01
   1.1347902e+00   1.4051473e+00
   7.5542196e-01   6.6958137e-01
  -1.4060132e+00  -9.4866375e-01
   9.4554415e-01   9.6380776e-01
  -1.5225397e+00  -9.4866375e-01
   9.1575542e-01   1.5468520e-01
  -1.4962974e-01   8.9025116e-01
   3.0245804e-01  -5.0732417e-01
  -1.2158910e+00  -1.3164467e+00
   1.0033693e+00   8.1669456e-01
  -1.3035050e+00  -8.7510715e-01
   1.1496846e+00   3.0179839e-01
   1.0760889e+00   1.4051473e+00
  -1.4498202e+00  -1.2428901e+00
   1.1785972e+00   6.6958137e-01
  -1.5374341e+00  -1.2428901e+00
   1.2224041e+00   8.9025116e-01
   2.0082590e-01   7.5720026e-03
  -1.5952593e+00  -5.0732417e-01
   9.4554415e-01   4.4891158e-01
   7.2650937e-01   7.4313797e-01
  -1.0993645e+00  -8.7510715e-01
   8.8684283e-01   9.6380776e-01
  -1.5225397e+00  -1.6842297e+00
   1.1496846e+00   8.1669456e-01
  -1.4638384e+00  -8.0155056e-01
   7.9922892e-01   1.5522605e+00
   5.9508851e-01   5.2246818e-01
   1.0620707e+00   5.2246818e-01
  -1.2448036e+00  -4.3376758e-01
   1.0620707e+00   1.5468520e-01
   4.7768586e-01   8.1669456e-01
  -1.3324176e+00  -1.0957769e+00
   8.8684283e-01   5.9602477e-01
   4.4877327e-01   7.5720026e-03
  -1.3183993e+00  -6.5443736e-01
   1.3836137e+00   3.7535498e-01
  -1.2886106e+00  -8.0155056e-01
   9.4554415e-01   5.2246818e-01
   3.4626500e-01   3.7535498e-01
   9.8317626e-02   8.9025116e-01
   5.6529978e-01   3.0179839e-01
   7.4052760e-01   8.1669456e-01
   5.3638718e-01  -6.5984594e-02
  -7.4890890e-01  -4.3376758e-01
   5.0747459e-01   1.5468520e-01
   1.2662111e+00   1.2580341e+00
   4.0496632e-01   3.7535498e-01
   9.0173720e-01   6.6958137e-01
  -1.1571897e+00  -1.6842297e+00
   4.4877327e-01   1.1109209e+00
  -1.1282771e+00  -8.0155056e-01
   7.4052760e-01   1.4051473e+00
  -1.4200315e+00  -1.5371165e+00
   1.1645789e+00   5.2246818e-01
  -1.4498202e+00  -5.8088077e-01
   7.1161501e-01   8.1128599e-02
   1.0331581e+00   9.6380776e-01
   2.2973849e-01   3.0179839e-01
  -1.4200315e+00  -1.4635599e+00
   1.2372985e+00   8.1669456e-01
  -8.8032977e-01  -6.5443736e-01
   7.7031633e-01   1.2580341e+00
  -1.2158910e+00  -1.6106731e+00
   8.8684283e-01   8.9025116e-01
   4.9258023e-01   7.4313797e-01
  -1.4200315e+00  -1.7577863e+00
   1.0620707e+00   9.6380776e-01
  -1.4936271e+00  -1.3900033e+00
   1.1934915e+00   1.1109209e+00
   1.7103717e-01   7.4313797e-01
   1.0909832e+00   3.0179839e-01
  -1.0406632e+00  -8.7510715e-01
   1.2372985e+00   1.3315907e+00
   8.1412328e-01   5.9602477e-01
  -1.5663467e+00  -8.7510715e-01
   1.0033693e+00   7.4313797e-01
  -1.0257689e+00  -1.5371165e+00
   9.7445674e-01   1.0373644e+00
  -1.4638384e+00  -8.7510715e-01
   8.1412328e-01   1.1844775e+00
  -7.6292713e-01  -1.3164467e+00
   5.0747459e-01  -1.3954119e-01
   6.6780805e-01   4.4891158e-01
  -1.3324176e+00  -1.0957769e+00
   9.7445674e-01   1.2580341e+00
   2.4463286e-01   7.4313797e-01
  -1.3762245e+00  -1.9048995e+00
   8.8684283e-01   8.1669456e-01
  -1.0695758e+00  -1.1693335e+00
   1.0182637e+00   1.4051473e+00
  -1.4200315e+00  -1.9048995e+00
   5.9508851e-01   8.9025116e-01
  -6.0259367e-01  -1.0957769e+00
   7.4052760e-01   1.3315907e+00
  -1.4498202e+00  -1.8313429e+00
   7.8433455e-01   8.1669456e-01
  -1.4060132e+00  -1.4635599e+00
   1.2662111e+00   1.1109209e+00
  -1.2745924e+00  -1.3164467e+00
   2.1484413e-01   5.9602477e-01
   6.5291369e-01   7.4313797e-01
  -1.0993645e+00  -8.0155056e-01
   9.1575542e-01   8.1669456e-01
   1.1645789e+00   4.4891158e-01
   7.4052760e-01   3.7535498e-01
  -1.3183993e+00  -8.7510715e-01
   1.0033693e+00   6.6958137e-01
  -1.2886106e+00  -1.6106731e+00
   1.4125263e+00   1.8464869e+00
  -1.4787328e+00  -1.3164467e+00
   1.3538250e+00   4.4891158e-01
   4.4877327e-01   4.4891158e-01
  -9.5304931e-01  -4.3376758e-01
   9.7445674e-01   7.4313797e-01
   6.9405035e-02   7.5720026e-03
   4.4877327e-01  -6.5984594e-02
   8.8684283e-01   7.4313797e-01
   5.2149282e-01   1.6258171e+00
  -1.4787328e+00  -1.3164467e+00
   4.1986068e-01   1.3315907e+00
  -1.1282771e+00  -1.9048995e+00
   5.8019414e-01   1.1109209e+00
  -1.3035050e+00  -9.4866375e-01
   3.0245804e-01   5.2246818e-01
   1.0703714e-02  -3.6021098e-01
   9.5956238e-01   3.7535498e-01
  -9.8196191e-01  -5.8088077e-01
   1.3249124e+00   1.2580341e+00
  -1.3622063e+00  -1.3900033e+00
   9.8935111e-01   1.6258171e+00
  -1.3762245e+00  -1.6106731e+00
  -1.2307854e+00  -1.0222203e+00
   9.5956238e-01   4.4891158e-01
  -1.3561152e-01  -2.1309779e-01
   5.9508851e-01   7.4313797e-01
   7.4052760e-01   7.4313797e-01
   8.8684283e-01   1.5468520e-01
  -9.3815495e-01  -1.5371165e+00
   4.4877327e-01   1.0373644e+00
   5.9508851e-01   2.2824179e-01
  -1.4060132e+00  -1.1693335e+00
   9.5956238e-01   4.4891158e-01
   6.6780805e-01   8.9025116e-01
   2.4463286e-01   8.9025116e-01
  -1.2745924e+00  -1.4635599e+00
   8.2814151e-01   5.2246818e-01
   5.2149282e-01   9.6380776e-01
  -1.4498202e+00  -1.8313429e+00
   8.1412328e-01   8.9025116e-01
  -1.1431715e+00  -1.1693335e+00
   1.1496846e+00   7.4313797e-01
  -1.4498202e+00  -1.0222203e+00
   1.1496846e+00   3.7535498e-01
   5.3638718e-01   9.6380776e-01
   4.1898454e-01   4.4891158e-01
   6.5291369e-01   7.4313797e-01
   1.0703714e-02   1.1844775e+00
   7.6944019e-01   4.4891158e-01
  -1.0844702e+00  -1.4635599e+00
   1.0331581e+00   5.2246818e-01
  -1.2158910e+00  -8.0155056e-01
   7.5542196e-01   8.1669456e-01
   5.6529978e-01   1.4787039e+00
  -1.4200315e+00  -1.3164467e+00
   9.7445674e-01   5.2246818e-01
  -1.4936271e+00  -1.8313429e+00
   7.7031633e-01   4.4891158e-01
   3.1735241e-01   9.6380776e-01
  -1.3622063e+00  -1.6106731e+00
   8.8684283e-01   8.9025116e-01
  -9.6794368e-01   7.5720026e-03
   1.0620707e+00   6.6958137e-01
  -1.4200315e+00  -1.6106731e+00
   3.0245804e-01   3.0179839e-01
  -6.2015832e-02  -5.0732417e-01
   6.5291369e-01   3.7535498e-01
  -9.5304931e-01  -1.3164467e+00
   1.1496846e+00   1.6993737e+00
  -1.3035050e+00  -1.1693335e+00
   5.8019414e-01   3.7535498e-01
  -1.4200315e+00  -1.5371165e+00
   6.8270242e-01   8.1669456e-01
  -1.5225397e+00  -1.2428901e+00
   8.7194847e-01   3.0179839e-01
   4.4877327e-01   5.2246818e-01
   5.5128155e-01   5.9602477e-01
   5.2149282e-01   5.2246818e-01
   6.8270242e-01   5.2246818e-01
   3.7605373e-01  -6.5984594e-02
   9.3064979e-01   5.9602477e-01
   5.2149282e-01  -6.5984594e-02
  -9.3815495e-01  -1.2428901e+00
   6.0910673e-01   1.1109209e+00
  -1.1133828e+00  -1.5371165e+00
   8.4303588e-01   1.4051473e+00
  -1.4060132e+00  -1.2428901e+00
  -1.4349258e+00  -1.2428901e+00
   6.9672064e-01   4.4891158e-01
   4.0496632e-01   5.9602477e-01
  -1.0117506e+00  -5.0732417e-01
   5.8019414e-01   3.0179839e-01
  -9.9685627e-01  -1.7577863e+00
   1.2662111e+00   1.1109209e+00
  -5.1497976e-01  -5.8088077e-01
   9.5956238e-01   1.0373644e+00
   3.0245804e-01   8.1669456e-01
  -1.2307854e+00  -1.0222203e+00
   7.7031633e-01   8.1669456e-01
  -1.1869785e+00  -2.8665438e-01
   7.5542196e-01   2.2824179e-01
  -1.1282771e+00  -1.2428901e+00
   8.4303588e-01   8.9025116e-01
   6.9405035e-02   1.5468520e-01
   8.8684283e-01   1.5468520e-01
   5.8019414e-01   1.2580341e+00
   2.8843981e-01   6.6958137e-01
   3.7605373e-01   7.5720026e-03
   8.4303588e-01   8.9025116e-01
  -1.3035050e+00  -1.0957769e+00
   6.9672064e-01   5.9602477e-01
   1.1207720e+00   5.2246818e-01
   9.1575542e-01   9.6380776e-01
  -1.4349258e+00  -9.4866375e-01
   6.6780805e-01   8.9025116e-01
  -1.3183993e+00  -2.0520127e+00
  -1.0844702e+00  -8.0155056e-01
   1.1058776e+00   3.0179839e-01
   5.5128155e-01   7.4313797e-01
  -1.1720841e+00  -1.8313429e+00
   8.1412328e-01   1.4051473e+00
  -1.4638384e+00  -1.8313429e+00
   8.5793024e-01   2.2824179e-01
